
h =

     2

 
Transfer function:
0.525 s^2 + 5.022 s + 4.4
-------------------------
      0.005 s^2 + s
 
 
Transfer function:
    52.1
------------
1.21 s^2 + s
 
 
Transfer function from input "e" to output:
0.525 s^2 + 5.022 s + 4.4
-------------------------
      0.005 s^2 + s
 
 
Transfer function from input "e" to output "u":
0.525 s^2 + 5.022 s + 4.4
-------------------------
      0.005 s^2 + s
 
 
Transfer function from input "u" to output:
    52.1
------------
1.21 s^2 + s
 
 
Transfer function from input "u" to output "y":
    52.1
------------
1.21 s^2 + s
 
 
Transfer function from input "r" to output "e":
1
 
Transfer function from input "y" to output "e":
-1
 
 
Transfer function from input "r" to output "y":
         4521 s^2 + 4.325e004 s + 3.789e004
----------------------------------------------------
s^4 + 200.8 s^3 + 4686 s^2 + 4.325e004 s + 3.789e004
 

ans =

     0
  -200


ans =

   -8.590056910143753e+000
   -9.756573755705337e-001


ans = 

        RiseTime: NaN
    SettlingTime: NaN
     SettlingMin: NaN
     SettlingMax: NaN
       Overshoot: NaN
      Undershoot: NaN
            Peak: Inf
        PeakTime: Inf

Warning: The "bandwidth" command returns NaN for models with infinite DC gain. 
> In warning at 26
  In DynamicSystem.DynamicSystem>DynamicSystem.bandwidth at 497
  In pre_exercise at 61

ans =

   NaN


Ts =

    2.929510836502647e-002


Ts1 =

    1.953007224335098e-003


Ts2 =

    1.953007224335098e-004

 
Transfer function from input "e" to output "u":
0.525 s^2 + 5.022 s + 4.4
-------------------------
      0.005 s^2 + s
 
 
backward1 =
 
((44431504810070055682310350753501849971*z^2)/2882303761517117440 - (610937718291869292993*z)/20 + 15132094747964866560)/((200406788765567447*z - 144115188075855872)*(z - 1))
 
 
Transfer function:
154.2 z^2 - 305.5 z + 151.3
---------------------------
2.004 z^2 - 3.445 z + 1.441
 
Sampling time: 0.001953
 
ans =
 
((44745512191237834055313570725564812542339*z^2)/92233720368547758080 - (19387173848189508013191*z)/20 + 484227031934875729920)/((4791819140634464929*z - 4611686018427387904)*(z - 1))
 
 
Transfer function:
485.1 z^2 - 969.4 z + 484.2
---------------------------
4.792 z^2 - 9.404 z + 4.612
 
Sampling time: 0.0001953
 
Transfer function from input "e" to output "u":
88.67 z^2 - 175.7 z + 87.02
---------------------------
  z^2 - 1.673 z + 0.6732
 
Sampling time: 0.001953
 
Transfer function from input "e" to output "u":
103.1 z^2 - 206 z + 102.9
-------------------------
 z^2 - 1.962 z + 0.9617
 
Sampling time: 0.0001953
 
Transfer function from input "e" to output "u":
 -2e004 z^2 + 2e004 z
----------------------
z^2 - 1.677 z + 0.6766
 
Sampling time: 0.001953
 
Transfer function from input "e" to output "u":
 -2e004 z^2 + 2e004 z
----------------------
z^2 - 1.962 z + 0.9617
 
Sampling time: 0.0001953
 
Transfer function from input "e" to output "u":
105 z^2 - 208.4 z + 103.4
-------------------------
 z^2 - 1.677 z + 0.6766
 
Sampling time: 0.001953
 
Transfer function from input "e" to output "u":
105 z^2 - 209.8 z + 104.8
-------------------------
 z^2 - 1.962 z + 0.9617
 
Sampling time: 0.0001953

discretizations = 

  containers.Map handle
  Package: containers

  Properties:
        Count: 0
      KeyType: 'char'
    ValueType: 'any'

  Methods, Events, Superclasses


discretizations = 

  containers.Map handle
  Package: containers

  Properties:
        Count: 1
      KeyType: 'char'
    ValueType: 'any'

  Methods, Events, Superclasses


discretizations = 

  containers.Map handle
  Package: containers

  Properties:
        Count: 2
      KeyType: 'char'
    ValueType: 'any'

  Methods, Events, Superclasses


discretizations = 

  containers.Map handle
  Package: containers

  Properties:
        Count: 3
      KeyType: 'char'
    ValueType: 'any'

  Methods, Events, Superclasses


discretizations = 

  containers.Map handle
  Package: containers

  Properties:
        Count: 4
      KeyType: 'char'
    ValueType: 'any'

  Methods, Events, Superclasses


discretizations = 

  containers.Map handle
  Package: containers

  Properties:
        Count: 5
      KeyType: 'char'
    ValueType: 'any'

  Methods, Events, Superclasses


discretizations = 

  containers.Map handle
  Package: containers

  Properties:
        Count: 6
      KeyType: 'char'
    ValueType: 'any'

  Methods, Events, Superclasses


discretizations = 

  containers.Map handle
  Package: containers

  Properties:
        Count: 7
      KeyType: 'char'
    ValueType: 'any'

  Methods, Events, Superclasses


discretizations = 

  containers.Map handle
  Package: containers

  Properties:
        Count: 8
      KeyType: 'char'
    ValueType: 'any'

  Methods, Events, Superclasses


name =

backward1

 
Transfer function:
154.2 z^2 - 305.5 z + 151.3
---------------------------
2.004 z^2 - 3.445 z + 1.441
 
Sampling time: 0.001953
Poles of backward1

ans =

    9.999999999999996e-001
    7.191133043124578e-001

Zeros of backward1

ans =

    9.980981579921363e-001
    9.835003620362063e-001

Stepinfo of backward1

ans = 

        RiseTime: NaN
    SettlingTime: NaN
     SettlingMin: NaN
     SettlingMax: NaN
       Overshoot: NaN
      Undershoot: NaN
            Peak: Inf
        PeakTime: Inf

Bandwidth of backward1
Warning: The "bandwidth" command returns NaN for models with infinite DC gain. 
> In warning at 26
  In DynamicSystem.DynamicSystem>DynamicSystem.bandwidth at 497
  In pre_exercise at 245

ans =

   NaN


name =

backward2

 
Transfer function:
485.1 z^2 - 969.4 z + 484.2
---------------------------
4.792 z^2 - 9.404 z + 4.612
 
Sampling time: 0.0001953
Poles of backward2

ans =

    9.999999999999918e-001
    9.624081967786480e-001

Zeros of backward2

ans =

    9.998094897106085e-001
    9.983251654565442e-001

Stepinfo of backward2

ans = 

        RiseTime: 1.093684045627655e-002
    SettlingTime: 1.894417007605045e-002
     SettlingMin: 5.210874206989473e+000
     SettlingMax: 1.508751640785265e+001
       Overshoot: 1.729851758429990e+003
      Undershoot: 0
            Peak: 1.012416790010427e+002
        PeakTime: 0

Bandwidth of backward2

ans =

   Inf


name =

impulse1

 
Transfer function from input "e" to output "u":
 -2e004 z^2 + 2e004 z
----------------------
z^2 - 1.677 z + 0.6766
 
Sampling time: 0.001953
Poles of impulse1

ans =

    1.000000000000000e+000
    6.766497845496690e-001

Zeros of impulse1

ans =

                         0
    1.000071152700993e+000

Stepinfo of impulse1

ans = 

        RiseTime: NaN
    SettlingTime: NaN
     SettlingMin: NaN
     SettlingMax: NaN
       Overshoot: NaN
      Undershoot: NaN
            Peak: Inf
        PeakTime: Inf

Bandwidth of impulse1
Warning: The "bandwidth" command returns NaN for models with infinite DC gain. 
> In warning at 26
  In DynamicSystem.DynamicSystem>DynamicSystem.bandwidth at 497
  In pre_exercise at 245

ans =

   NaN


name =

impulse2

 
Transfer function from input "e" to output "u":
 -2e004 z^2 + 2e004 z
----------------------
z^2 - 1.962 z + 0.9617
 
Sampling time: 0.0001953
Poles of impulse2

ans =

    9.999999999999957e-001
    9.616928668830983e-001

Zeros of impulse2

ans =

                         0
    1.000008429423759e+000

Stepinfo of impulse2

ans = 

        RiseTime: 1.074153973384304e-002
    SettlingTime: 1.855356863118343e-002
     SettlingMin: -5.210324358176313e+005
     SettlingMax: -4.697291865780611e+005
       Overshoot: 3.204782129397676e-001
      Undershoot: 0
            Peak: 5.210324358176313e+005
        PeakTime: 4.198965532320460e-002

Bandwidth of impulse2

ans =

   Inf


name =

step1

 
Transfer function from input "e" to output "u":
105 z^2 - 208.4 z + 103.4
-------------------------
 z^2 - 1.677 z + 0.6766
 
Sampling time: 0.001953
Poles of step1

ans =

    1.000000000000000e+000
    6.766497845496690e-001

Zeros of step1

ans =

    9.980430340240202e-001
    9.864774963660870e-001

Stepinfo of step1

